STD = 32.917432424277116
MEAN = 27.674800987098454